function [t,x,y] = Experimento3()
    t=[
    0
0.033333333
0.066666667
0.1
0.133344444
0.166666667
0.200022222
0.233377778
0.266655556
0.3
0.333333333
0.366666667
0.399988889
0.433322222
0.466655556
0.499988889
0.533322222
0.566655556
0.599988889
0.633322222
0.666655556
0.699988889
0.733322222
0.766655556
0.799977778
0.833311111
0.866644444
0.899977778
0.933311111
0.966644444
0.999977778
1.033311111
1.066644444
1.099977778
1.133311111
1.166644444
1.199966667
1.233311111
1.266677778
1.299966667
1.3333
1.366633333
1.399977778
1.433311111
1.466633333
1.499966667
1.5333
1.566633333
1.599966667
1.633311111
1.666633333
1.699955556
1.7333
1.766633333
1.799955556
1.833288889
1.866622222
1.899955556
1.933288889
1.966611111
1.999955556
2.033288889
2.066633333
2.099944444
2.133288889
2.166611111
2.199944444
2.233288889
2.266622222
2.299988889
2.333288889
2.366611111
2.399944444
2.433277778
2.466622222
2.499955556
2.533266667
2.566611111
2.599933333
2.633288889
2.666611111
2.699933333
2.733266667
2.766611111
2.799966667
2.833266667
2.8666
2.899933333
2.933277778
2.9666
2.999933333
3.033266667
3.066611111
3.099922222
3.133288889
3.1666
3.199922222
3.233277778
3.266588889
3.299966667
3.333266667
3.366588889
3.399922222
3.433266667
3.466588889
3.499933333
3.533244444
3.566588889
3.599922222
3.633255556
3.6666
3.699911111
3.733244444
3.766588889
3.799922222
3.833244444
3.866566667
3.899955556
3.933244444
3.966577778
3.9999
4.033244444
4.066577778
4.0999
4.133255556
4.166566667
4.1999
4.233233333
4.266566667
4.2999
4.333222222
4.366577778
4.399888889
4.433222222
4.466555556
4.4999
4.533222222
4.566555556
4.599888889
4.633222222
4.666555556
4.699877778
4.733211111
4.766544444
4.799888889
4.833222222
4.866555556
4.899877778
4.933211111
4.966544444
4.999877778    
    ];
    x=[
    -0.024756361
-0.042236062
-0.06418437
-0.085272123
-0.107108797
-0.129196747
-0.148089273
-0.168852984
-0.182702144
-0.201100565
-0.21540532
-0.223976554
-0.23553657
-0.243675807
-0.249870287
-0.253517875
-0.257068585
-0.262268716
-0.254701303
-0.254595923
-0.253323984
-0.244783952
-0.239437728
-0.230931861
-0.218757177
-0.209476216
-0.192711707
-0.178726277
-0.167219743
-0.150161824
-0.136915959
-0.105520579
-0.087586642
-0.067136155
-0.040516527
-0.01764195
0.011591879
0.035865276
0.058684055
0.081395418
0.107793322
0.126873348
0.149212756
0.171633401
0.187748236
0.201907586
0.219148113
0.229483603
0.239131101
0.247243039
0.254975934
0.262707535
0.268599278
0.271585083
0.271510049
0.270045135
0.265361085
0.260956237
0.253868908
0.244051372
0.232620487
0.219985435
0.206608691
0.191999652
0.176461581
0.157631662
0.138342257
0.119997655
0.103172851
0.082592101
0.059590312
0.035877084
0.012559416
-0.009727574
-0.031915575
-0.05427918
-0.075779231
-0.096126502
-0.114064336
-0.132750236
-0.153354326
-0.1716263
-0.184338869
-0.201452453
-0.20922921
-0.224101298
-0.233073568
-0.237426096
-0.242578069
-0.252099897
-0.252416587
-0.254581353
-0.256182743
-0.255145407
-0.256941636
-0.241930367
-0.241930367
-0.225766248
-0.225766248
-0.202668864
-0.187861713
-0.169678912
-0.152330608
-0.13301564
-0.114017655
-0.090353025
-6.76E-02
-0.046236808
-0.021418161
0.003353051
0.028275887
0.053039046
0.076732204
0.099240051
0.123157555
0.144789594
0.163002429
0.180656407
0.197530195
0.210706886
0.224172197
0.236937023
0.246244176
0.254125998
0.260882054
0.265959402
0.26892396
0.261531935
0.259647568
0.255983412
0.252742489
0.253962849
0.246012488
0.235833981
0.223281555
0.204902802
0.188704279
0.172284551
0.154688926
0.135552406
0.116061463
0.094605348
0.072289367
0.04997507
0.026797513
0.00422635
-0.01480703
-0.031535268
-0.054633024
-0.075997519
-0.101041093    
    ];
    y=[
     0.02100624
0.036456001
0.052866489
0.06835112
0.084094807
0.102489196
0.120904752
0.133577988
0.142056814
0.148174511
0.161583152
0.174236815
0.183679505
0.191920953
0.186229574
0.187947645
0.189520755
0.192565606
0.204988458
0.20499001
0.197935648
0.186124358
0.179466062
0.174052258
0.171934642
0.164384346
0.151639777
0.134498296
0.124543163
0.10473896
0.093743171
0.075764335
0.05409236
0.036868444
0.029143358
0.016245284
-0.004890821
-0.024097072
-0.041191292
-0.053465686
-0.072881074
-0.088460016
-0.100389551
-0.114375266
-0.135949804
-0.149719379
-0.161190405
-0.17189974
-0.168324176
-0.176566079
-0.180315716
-0.186224271
-0.190084575
-0.193523343
-0.194363238
-0.194000568
-0.191878634
-0.18933599
-0.184264824
-0.176249036
-0.168135874
-0.158769725
-0.146997911
-0.133705303
-0.120130618
-0.105905192
-0.091109704
-0.076387147
-0.060035167
-0.039777634
-0.02448727
-0.008699107
0.010521598
0.02800986
0.045511383
0.062124619
0.077265005
0.091666204
0.109267878
0.122187885
0.131469029
0.142589176
0.155893372
0.159512376
0.171601918
0.174176382
0.179912903
0.18561417
0.191629015
0.199981405
0.200129355
0.200921074
0.201251999
0.198130487
0.184162368
0.179615549
0.179615549
0.166482681
0.166482681
0.146993884
0.13136381
0.120402953
0.105920816
0.091536
0.078019498
0.062185048
0.044650142
0.027058889
0.010162
-0.008002605
-0.026867369
-0.044964642
-0.063234327
-0.082289067
-0.095414565
-0.111975828
-0.128401745
-0.141096546
-0.149484937
-0.151967067
-0.161482535
-0.174615715
-0.182045346
-0.188247099
-0.187832034
-0.190455195
-0.193997989
-0.199021696
-0.199342102
-0.195603386
-0.190478708
-0.180843171
-0.173872867
-0.165795332
-0.157333674
-0.15000155
-0.138707161
-0.12610595
-0.112600132
-0.09859277
-0.081997655
-0.065597148
-0.048905186
-0.031156282
-0.01421523
0.002087372
0.018061668
0.037827402
0.053648675
0.071897121
0.089230986   
    ];
end