function [t,x,y] = Experimento2()
    t=[
    0
0.033366667
0.066666667
0.099988889
0.133322222
0.166655556
0.199988889
0.233333333
0.266677778
0.299988889
0.333377778
0.366655556
0.400011111
0.433322222
0.466655556
0.499988889
0.533333333
0.566666667
0.600033333
0.633311111
0.666644444
0.7
0.733322222
0.766677778
0.799988889
0.833355556
0.866655556
0.899988889
0.933311111
0.966644444
0.999977778
1.033322222
1.066655556
1.099988889
1.133322222
1.166633333
1.199977778
1.233311111
1.266633333
1.299988889
1.333311111
1.366655556
1.399955556
1.4333
1.466644444
1.499966667
1.5333
1.566644444
1.599955556
1.6333
1.666622222
1.699955556
1.733288889
1.766633333
1.799955556
1.8333
1.866644444
1.899977778
1.933277778
1.966633333
1.999944444
2.033277778
2.066611111
2.099944444
2.133277778
2.166611111
2.199977778
2.2333
2.2666
2.299944444
2.333277778
2.366611111
2.399933333
2.433266667
2.466622222
2.499955556
2.533277778
2.5666
2.599944444
2.633266667
2.6666
2.699933333
2.733311111
2.766588889
2.799944444
2.833266667
2.866622222
2.899922222
2.933255556
2.966588889
2.999966667
3.033255556
3.066622222
3.099922222
3.133244444
3.1666
3.199944444
3.233255556
3.2666
3.299955556
3.333244444
3.366611111
3.399933333
3.433233333
3.466611111
3.499911111
3.533311111
3.566577778
3.599922222
3.633233333
3.666566667
3.699911111
3.733233333
3.766588889
3.799922222
3.833233333
3.866588889
3.899922222
3.933255556
3.966566667
3.999888889
4.033233333
4.0666
4.099922222
4.133222222
4.166555556
4.199888889
4.233222222
4.266555556
4.299888889
4.333255556
4.366555556
4.399888889
4.433233333
4.466555556
4.499888889
4.533211111
4.566544444
4.599877778
4.633211111
4.666555556
4.699877778
4.7332
4.766544444
4.799877778
4.8332
4.866533333
4.899866667
4.9332
4.966533333
4.999866667    
    ];
    x=[
    0.25259166
0.250390886
0.245999169
0.240032
0.233225833
0.224440952
0.214081286
0.200852909
0.186794954
0.171181748
0.157028124
0.138160408
0.123159098
0.101408161
0.079640641
0.055939917
0.031289175
0.008455558
-0.016244932
-0.031461816
-0.054312016
-0.0781454
-0.102945386
-0.122028676
-0.137361639
-0.158411297
-0.182377342
-0.197660557
-0.215042801
-0.224741981
-0.233507725
-0.242256886
-0.260541705
-0.262804257
-0.265869888
-0.26620154
-0.266383949
-0.263732885
-0.267769396
-0.260496619
-0.253128625
-0.244827195
-0.234615121
-0.222275236
-0.208934952
-0.193771415
-0.17622756
-0.158172863
-0.138105469
-0.118302326
-0.097645032
-0.076368901
-0.053907952
-0.031158046
-0.006935122
0.015858466
0.039037641
0.061826899
0.085030601
0.106318552
0.126042942
0.144383334
0.163029388
0.181216202
0.196507731
0.211628339
0.223940957
0.235364239
0.244314326
0.250182609
0.254380808
0.257436715
0.258831985
0.258706401
0.256734589
0.252331684
0.244634046
0.236933112
0.227638433
0.215691327
0.199783241
0.183391988
0.171344737
0.153393875
0.13549276
0.115396665
0.096998086
0.077473864
0.056080422
0.033609401
0.008798613
-0.015571826
-0.036353304
-0.057960945
-0.08227595
-0.101629618
-0.122830743
-0.141504855
-0.158309334
-0.173705979
-0.188437258
-0.201759386
-0.2152145
-0.225889948
-0.234740764
-0.241730224
-0.247406419
-0.251227817
-0.253029343
-0.252765981
-0.250454884
-0.246223654
-0.24022653
-0.232914215
-0.224066385
-0.213812466
-0.201332777
-0.186039072
-0.172541284
-0.156352139
-0.138766121
-0.120071265
-0.100917002
-0.081714432
-0.060076474
-0.038061305
-0.014544426
0.009129628
0.031903076
0.049069896
0.071545507
0.093606124
0.114488298
0.134595371
0.153166637
0.170594634
0.186246541
0.201921276
0.214900307
0.226318784
0.236300708
0.244726159
0.251242492
0.255987764
0.258742549
0.259781238
0.25902755
0.256672133
0.252259506
0.245612287
0.237617146    
    ];
    y=[
    0.017482533
0.033265099
0.048472983
0.063120251
0.077427724
0.092207065
0.105458005
0.117866046
0.129129592
0.139581897
0.150293145
0.158224949
0.169890497
0.175972011
0.181103506
0.184368128
0.187649334
0.186147279
0.186578428
0.185893731
0.183441658
0.17910613
0.173837166
0.169418724
0.162083896
0.153898544
0.141962865
0.137478093
0.121626261
0.110391861
0.09819086
0.086939877
0.06325668
0.053087435
0.040786938
0.021786561
0.011336354
-1.14E-04
-0.023019828
-0.032480592
-0.045913517
-0.060313043
-0.075284921
-0.087729473
-0.09942219
-0.110952853
-0.120615881
-0.130507298
-0.136002913
-0.144841513
-0.151207077
-0.157048022
-0.16072796
-0.162081711
-0.158700278
-0.161217994
-0.158877347
-0.155575746
-0.150868466
-0.144958638
-0.137259921
-0.129134581
-0.118557478
-0.107107891
-0.095843377
-0.08263576
-0.06974146
-0.054906058
-0.041244762
-0.026521064
-0.013698579
0.002615555
0.018520938
0.033942065
0.049899949
0.065127402
0.078486807
0.092532201
0.106404518
0.119632486
0.130411971
0.140878114
0.153844481
0.159859664
0.168724904
0.176455322
0.187580454
0.185734829
0.182323871
0.188794779
0.184895294
0.184147061
0.182426191
0.179078361
0.173611044
0.175900537
0.169192086
0.160717343
0.152154783
0.142614018
0.131332957
0.113411124
0.096826543
0.083670544
0.069963695
0.05589068
0.04025698
0.025114978
0.009765008
-0.006144388
-0.021478883
-0.03727204
-0.052566719
-0.067283614
-0.081320114
-0.093690448
-0.105576807
-0.115759564
-0.12720068
-0.136201017
-0.144094282
-0.151199244
-0.157199297
-0.16343156
-0.166367797
-0.1682043
-0.168259278
-0.167169028
-0.165307561
-0.154772015
-0.150070019
-0.144027592
-0.136940931
-0.128255265
-0.118620517
-0.107776702
-0.096320633
-0.083267123
-0.070090477
-0.056023242
-0.041934668
-0.027443137
-0.012320356
0.002787765
0.018328815
0.033266483
0.048338762
0.063226437
0.077652724
0.091579405
0.105367181    
    ];
end

