function [t,x,y] = Experimento1()
    %PENDULO SIMPLE
    %L=1.45m.M=0.11 kg.phi0=10°+-2°.[ti,tf]=[0,5]
    t=[
    0
0.033322222
0.066688889
0.099988889
0.133344444
0.166666667
0.199988889
0.233322222
0.266655556
0.299988889
0.333322222
0.366655556
0.399977778
0.433333333
0.466655556
0.499988889
0.533311111
0.566644444
0.6
0.633311111
0.666666667
0.699977778
0.733311111
0.766644444
0.799966667
0.833311111
0.866655556
0.899977778
0.9333
0.966677778
0.999966667
1.0333
1.066633333
1.100011111
1.1333
1.166633333
1.199955556
1.2333
1.266633333
1.299977778
1.3333
1.366644444
1.399966667
1.433288889
1.466633333
1.499955556
1.533288889
1.566622222
1.599955556
1.6333
1.666655556
1.699944444
1.733344444
1.766688889
1.799966667
1.8333
1.866688889
1.899944444
1.933277778
1.966622222
1.999955556
2.033277778
2.066622222
2.099944444
2.133277778
2.166611111
2.199966667
2.233266667
2.266644444
2.299944444
2.333266667
2.3666
2.399922222
2.433277778
2.4666
2.499922222
2.533266667
2.566588889
2.599922222
2.633255556
2.666622222
2.699933333
2.733255556
2.7666
2.799922222
2.833255556
2.866588889
2.899911111
2.933244444
2.9666
2.999922222
3.033255556
3.066588889
3.099911111
3.133255556
3.166577778
3.199911111
3.233244444
3.266577778
3.299911111
3.333266667
3.366577778
3.399911111
3.433277778
3.466577778
3.4999
3.533244444
3.566577778
3.5999
3.633244444
3.666588889
3.699911111
3.733233333
3.766566667
3.799888889
3.833233333
3.866566667
3.8999
3.933222222
3.966577778
3.9999
4.033233333
4.066566667
4.099888889
4.133244444
4.166577778
4.1999
4.233255556
4.2666
4.299877778
4.333233333
4.366555556
4.399888889
4.433211111
4.466577778
4.499888889
4.533222222
4.566544444
4.599877778
4.633266667
4.666544444
4.699866667
4.7332
4.766544444
4.799866667
4.8332
4.866544444
4.899866667
4.9332
4.966533333
    ];
    x=[
    -0.232500895
-0.228633719
-0.225143162
-0.218867174
-0.208834003
-0.196103945
-0.183798691
-0.172060795
-0.158696218
-0.141840329
-0.122340276
-0.103835303
-0.08722897
-0.069199697
-0.048158437
-0.025445511
-0.004535987
0.01410773
0.033368694
0.054593296
0.076659438
0.096601809
0.113988387
0.130274993
0.148029299
0.165914898
0.180786041
0.192444286
0.203181626
0.21421744
0.224644334
0.231045079
0.234242922
0.238125927
0.24106757
0.240638241
0.236438696
0.229201541
0.222948758
0.216900858
0.209354126
0.198589992
0.185692514
0.172037198
0.157635472
0.142385808
0.124691117
0.105997138
0.087379154
0.06887418
0.049425551
0.028782406
0.008342353
-0.011500314
-0.031037551
-0.051176089
-0.071274886
-0.090325977
-0.108264242
-0.125385166
-0.142707292
-0.15912959
-0.1731843
-0.185650978
-0.197510755
-0.208760304
-0.217867345
-0.227351047
-0.229760147
-0.233708629
-0.236766766
-0.237953537
-0.236985843
-0.234003245
-0.22979079
-0.224643519
-0.217847191
-0.209621853
-0.198431298
-0.186459995
-0.173755159
-0.159135446
-0.14287637
-0.125376555
-0.107366522
-0.08916139
-0.070002388
-0.049671606
-0.029099294
-0.008836281
0.01126206
0.031732923
0.052268539
0.072292271
0.091288921
0.109515098
0.127481289
0.1452225
0.160829778
0.175203174
0.188276795
0.200400322
0.211116898
0.219755434
0.226376789
0.231547929
0.234987083
0.236759025
0.235882498
0.233418232
0.229180852
0.22336028
0.215788239
0.206027768
0.194644004
0.182474709
0.16900015
0.154724748
0.138866265
0.123036313
0.106889967
0.08843968
0.070757374
0.050957427
0.031113199
0.011321708
-0.009163721
-0.026083171
-0.039411702
-0.062140698
-0.080675867
-0.098174018
-0.115899266
-0.132636199
-0.148633837
-0.163382828
-0.177166667
-0.189567972
-0.199487138
-0.208908226
-0.216813063
-0.223133505
-0.22771775
-0.230551801
-0.231491448
-0.230582878
-0.228126295
-0.223814502
-0.217733403
-0.209810281    
    ];
    x=-x;
    y=[
    0.018970663
0.019732316
0.020009879
0.017389188
0.015546714
0.012107351
0.010291434
0.009959158
0.00990427
8.71E-03
0.00690148
4.83E-03
0.002826183
0.003291349
0.003787151
0.00336333
0.001993561
0.001213856
0.002457235
0.005003339
0.006404472
0.006740386
0.002341695
0.009234054
0.012493981
0.015191365
0.016421157
0.017593436
0.018887553
0.021543657
0.023714153
0.024502771
0.024996802
0.024636146
0.023997499
0.023626627
0.023729044
0.021905355
0.020564271
0.019040576
0.019298196
0.018262289
0.016660203
0.014100121
0.012781464
0.011256432
0.00935173
0.007799236
0.006830185
0.005244346
0.004114125
0.002853301
0.002644225
0.003313607
0.003696396
0.003792842
0.003859546
0.004901528
0.006530521
0.009010734
0.01038688
0.011059557
0.013350604
0.015642911
0.017913341
0.019654484
0.021089638
0.018647227
0.023014807
0.024177432
0.025241407
0.02545802
0.02502855
0.024244069
0.023593284
0.022962012
0.022046756
0.019546982
0.017974825
0.015824905
0.013993607
0.012802399
0.011457974
0.010028554
0.008233385
0.006758805
0.005960407
0.005798889
0.005500588
0.005054454
0.004692389
0.00524376
0.00657985
0.007961854
0.008884113
0.009900382
0.011630474
0.014321019
0.016301084
0.018454717
0.020322309
0.022294949
0.024195029
0.025858276
0.027415226
0.028513931
0.028870704
0.029137905
0.028552402
0.028502007
0.027940338
0.026824191
0.025243089
0.022936564
0.02049495
0.018711244
0.016914468
0.015314736
0.013192981
0.011554362
0.010215447
0.008904682
0.007584534
0.006337319
0.005392292
0.004999239
0.004999402
0.002622966
0.002780582
0.006135892
0.00689159
0.007863884
0.009483551
0.011042328
0.012580238
0.014146091
0.015680115
0.017498448
0.017799209
0.019185648
0.020166479
0.020975518
0.021272141
0.021712648
0.02206154
0.021802695
0.021384285
0.020819273
0.020026981
0.019100837    
    ];
end

